$ANSIBLE_VAULT;1.1;AES256
30623139303265326237343134653738306533396461373438346464306165636636316166353134
6338373235633833333163303334643534343763363065350a336362666565316362623830663265
34386562383361323936353538636632383130636566303033666333396437306432396536386538
3636633166636637360a346336633938363732663935376230363931613666353765373339623061
37323533306532353364343733303037666461323139303562396438386534643231336533323938
31313537633834356135633135656332383466393530653632353537393030616531353630626535
62343065316631643234383132363332383632626535613364396137623536623536306236643234
62386162353839303731313861393633353438646336376164643761333634633539663765643732
30373262663666623933633436386335653164353265316363643839633734333434393032316530
64653363646430643436306333366438323436663530633337376162323462616432373732353233
36303464613461643762363464626162393532306131376539303233313438623866363761383537
62386462323336323266343834623963663533396434653333313930306165323132326561373131
64333330323134353965343736336337653262336563666663636130323762666266363437336631
34323563656239666233653236613562343939633465313962373666323063356431326231396263
63363365626434396235653830613935373266363438326437663365303365636462393537613362
31326438313035346239623565316137393234313930363334396333386133643165643762376564
35626466316434656333336538636238323938623832653031616663666364373438346236633831
32333931373936393465623565616630333837323631383266646236616538616630383033653138
36386139656238373539316439623763623165333137323833663534643562306434393234363363
61393865653935616139326361393132343632383261613830376237353166363331646234613565
35313535333231636335313232373962313966396632643635653237656234663432306332383436
37663435306639353732346633313037313036306262353363653638363233393230313739326366
62616332353336333766646330313235343965353734323239663064626164653537643132323132
39396235393066373863393431633065343031336631626565383330373639363538326235646138
63663361336666316230376463646531306538646134303335373237656433396466303131306437
38326531663937386166626533383662643436333033383339353164336236643461333563623738
65336263636436346334653465376137323732613630666561383832306134353365313838363264
34616531393266306632353131333035616566613463626361336631376365303432323238383038
63643830353565323963613934393564626561653564623535346539356634386339373965376362
38623333616532303461343037306439303238303164383965663938386262313761376330303234
39366563316631353535366563336235616461383238396130643739383230373533353832303865
35306135333366646335666235376233623863353136323064616464323739393862643838643965
32643239376637356338356163333935656664626237616662343137636337373233353238303536
35346666663230336537373735656432313630346535353334633432616137393034626338306531
63393732363739613330616663633937313566633937613561373738396533633736373234393937
65656639396230363830396137623233316331343365313139313366613738623562616466656432
66613564623866616232646434663837366364643062653630636537656631666336363633623530
62636436303538653536653135653034373338653863376330646232363562366564343036336237
31636537663835323866303037666430623731623130663033396635633565313361626137616461
37366338363563383936383531663261393531623738336232653630613738643733326634396639
34333066323937643265363930376132396666653762323230383236353162663534323334346365
33613535343363323938373033643562383363386134303162313030623537386330323936626232
66303564323763613335326235323133383730656366623936366237363638306633343030353637
61323538656432346434623538666530623934653161656331633434313864633931663632373533
36396234383537373261323537383932383062636332383535323935376337343431663430303032
63336139666664373233393139636633333232303264646131303263396130323663643134646166
31343539363163386661633133383462316365666164396433336331656436383935653763636366
37613133396634393633343964363339383061623464656365636432333239626263333061653234
65333933633434383630653938363865313331306636636136323464643366616662336336666234
33316565346335383237386134386436383134366661663662653062626164633232353535643165
37633531646432323131346130666634366435303436343862326438393065643630623462666330
39363932323166373564356166653439303739616163643762363261616634623230333533323663
65323335346335393133313161313433396262626131336562356632386636396332333464326330
37326439636532376364346563353134333964656130353864363236303937626261633234313530
36313433343362323363326238323361386662353331356232636535346666333333626438353333
65346633636364353164363933616337363133616532633664663365646136653262333263643134
65363430626466353866643165643064633462646235306531353837643931653464353162363030
64386132373564666430366631383338393538346635646330613935646337393739646566333334
31656261663463633130356139323231346339313633393435626339323166643238633636363235
36303432613662383537376363646636356332633035363532363636333066383930306163353235
62346437353938323461353931643535666166363533353838623437333665643563326132646563
36636131363838616334313961613461333933663466666631396564656437343531663534306563
33366336666639313264346539656465313461663962356433376335623133636461636535396430
38376362306639663734306632343632663934373038633634393734353062616338303330393835
30323239346238653530643364643963626231636636363837316634653033343766643064653233
64663461303864366537323965636633353035333736373262303130616637623262376364646135
39303437356337613835643933663265323034326338643837356338383832393234393163326466
64313739386261343038613232363134373633396166323865633766313061373865386164643835
65356462333333396361643261326161623939373239353033646262356462623938613032346337
39316437633636373137306437323165636638356138326666656331613733626131643834613131
65393836646435303033356132623730383334343535613634616435396237306336643339633938
36333730323239363531643338663465313064656434316538376666383738363563343665353734
32623134623262303930306263653832376138356534343330333830633730633565646531623533
32366463383264306661313534326437303234346563383764323661323865313166633938663662
39396464343437633635333165633833356463393137633561353239313666363765633732323861
38333238323037343036316639643561383165623064643561613361333262623030383031353135
34333931343439386561333033643663343538653636626562373133646232383738633262386563
3263373836306236306565303730373337383231666632653365
